
m1(:,1)=1:10;
m1(:,2:80001)=as(:,1,:);
